##FastQC	0.11.5
>>Basic Statistics	pass
#Measure	Value
Filename	SRR3213614_1.fastq
File type	Conventional base calls
Encoding	Sanger / Illumina 1.9
Total Sequences	68288882
Sequences flagged as poor quality	0
Sequence length	101
%GC	47
>>END_MODULE
>>Per base sequence quality	pass
#Base	Mean	Median	Lower Quartile	Upper Quartile	10th Percentile	90th Percentile
1	30.937971249844153	31.0	31.0	34.0	27.0	34.0
2	31.204644615502712	33.0	31.0	34.0	28.0	34.0
3	29.856612998877328	31.0	30.0	34.0	22.0	34.0
4	34.27962711411793	37.0	35.0	37.0	30.0	37.0
5	34.233940277423194	37.0	35.0	37.0	30.0	37.0
6	34.24714645350322	37.0	35.0	37.0	30.0	37.0
7	34.25437621017137	37.0	35.0	37.0	30.0	37.0
8	34.21282033874856	37.0	35.0	37.0	30.0	37.0
9	35.79012803284728	39.0	37.0	39.0	30.0	39.0
10-11	35.78421971383277	39.0	37.0	39.0	30.0	39.0
12-13	35.70783413909163	39.0	37.0	39.0	30.0	39.0
14-15	36.90083192458766	40.0	37.0	41.0	30.0	41.0
16-17	36.846688198819834	40.0	37.0	41.0	30.0	41.0
18-19	36.82664976855237	40.0	37.0	41.0	30.0	41.0
20-21	36.82267992028336	40.0	37.0	41.0	30.0	41.0
22-23	36.72975550397794	40.0	37.0	41.0	30.0	41.0
24-25	36.64964986540562	40.0	37.0	41.0	30.0	41.0
26-27	36.56048371827203	40.0	37.0	41.0	30.0	41.0
28-29	36.44987617457261	40.0	37.0	41.0	29.0	41.0
30-31	36.32303860971102	40.0	36.5	41.0	29.0	41.0
32-33	36.18039565357066	40.0	36.0	41.0	28.0	41.0
34-35	36.34501699705671	40.0	37.0	41.0	29.0	41.0
36-37	36.33596806431829	40.0	37.0	41.0	29.0	41.0
38-39	36.20972702408571	40.0	36.0	41.0	28.0	41.0
40-41	36.13643225261764	40.0	36.0	41.0	28.0	41.0
42-43	36.04413800477799	40.0	36.0	41.0	28.0	41.0
44-45	35.90268095910547	40.0	36.0	41.0	27.0	41.0
46-47	35.79129931428662	40.0	35.0	41.0	27.0	41.0
48-49	35.62639973370775	40.0	35.0	41.0	26.0	41.0
50-51	35.4540037059034	39.5	35.0	41.0	26.0	41.0
52-53	35.30650441019081	39.0	35.0	41.0	26.0	41.0
54-55	35.088235541767986	39.0	35.0	41.0	25.5	41.0
56-57	34.867554201575594	39.0	35.0	41.0	24.5	41.0
58-59	34.63793330955396	38.5	34.0	41.0	24.0	41.0
60-61	34.4134889849273	38.0	34.0	41.0	24.0	41.0
62-63	34.144008998419395	37.5	34.0	40.0	23.0	41.0
64-65	33.82905403254369	37.0	34.0	40.0	22.5	41.0
66-67	33.52629485865649	36.5	33.5	39.5	22.0	41.0
68-69	33.20762398043067	36.0	33.0	39.0	22.0	41.0
70-71	32.9103568572114	35.5	33.0	39.0	22.0	41.0
72-73	32.69185732166475	35.0	33.0	38.5	22.0	40.5
74-75	32.379205607729816	35.0	33.0	37.0	21.0	39.5
76-77	32.02708571213686	35.0	33.0	37.0	20.0	39.0
78-79	31.706124775918866	35.0	33.0	36.5	20.0	39.0
80-81	31.436940540335687	35.0	32.5	36.0	18.5	38.0
82-83	31.168403906509994	35.0	32.0	36.0	18.0	37.0
84-85	30.944730827486676	35.0	32.0	35.0	16.0	37.0
86-87	30.732890413991548	35.0	32.0	35.0	12.0	36.0
88-89	30.546478927565396	35.0	32.0	35.0	8.5	36.0
90-91	30.339207632656805	35.0	32.0	35.0	4.0	36.0
92-93	30.127511188424492	35.0	32.0	35.0	2.0	35.5
94-95	29.98501720968283	35.0	32.0	35.0	2.0	35.0
96-97	29.819745972704602	35.0	32.0	35.0	2.0	35.0
98-99	29.611277923688952	35.0	32.0	35.0	2.0	35.0
100-101	27.822411391945177	33.0	28.0	34.5	2.0	35.0
>>END_MODULE
>>Per sequence quality scores	pass
#Quality	Count
2	1580483.0
3	546873.0
4	241653.0
5	166569.0
6	146885.0
7	148215.0
8	156411.0
9	171555.0
10	188146.0
11	200318.0
12	207815.0
13	212444.0
14	217405.0
15	218689.0
16	220032.0
17	220532.0
18	222056.0
19	224213.0
20	231936.0
21	247309.0
22	272802.0
23	315479.0
24	378257.0
25	461211.0
26	563158.0
27	685813.0
28	828465.0
29	989452.0
30	1198666.0
31	1467201.0
32	1816755.0
33	2316541.0
34	3088609.0
35	4398876.0
36	7349567.0
37	1.3603818E7
38	1.7549157E7
39	5227667.0
40	7849.0
>>END_MODULE
>>Per base sequence content	warn
#Base	G	A	T	C
1	30.87741312320041	14.745083346560714	13.909962791198756	40.46754073904012
2	22.370454816104974	21.64397488025336	32.60367952307416	23.3818907805675
3	25.481998110149583	22.187731623902135	24.923904129996497	27.40636613595178
4	26.885419470790694	28.808421006758127	19.868399034994987	24.437760487456192
5	28.610848130820997	31.59830211057235	20.591714149119582	19.199135609487072
6	22.153272884649862	36.665515810082766	21.88188988581938	19.299321419447992
7	20.043912166351458	20.55847161311019	38.75737469073358	20.640241529804772
8	21.008242155979456	23.654866830863895	29.88248056885969	25.45441044429696
9	22.2161660978951	21.895385964547433	31.36404270194954	24.524405235607922
10-11	24.050059606033063	31.68553151134395	22.513672214390493	21.75073666823249
12-13	23.14019810945164	25.661329910031384	27.423234903880406	23.775237076636568
14-15	23.653392895832965	26.65400934250718	26.713836019617887	22.97876174204197
16-17	24.059450491324835	26.742024446645036	26.124991459342397	23.07353360268774
18-19	23.768866786233104	26.75658899212763	26.04811650711444	23.426427714524827
20-21	23.802292355138547	26.748633806550444	26.201815170373994	23.247258667937018
22-23	23.966270408651884	26.845010004518084	26.175811639447566	23.01290794738247
24-25	23.631274614228182	26.982431841803383	26.124184017463868	23.262109526504567
26-27	23.516834939536018	26.993451939541018	26.175360215395678	23.314352905527283
28-29	23.54603603832026	26.80431344989234	26.10413519367108	23.545515318116323
30-31	23.48013978407672	26.66527101901822	26.24398423549924	23.61060496140582
32-33	23.68791004253087	26.95165479472474	26.28795145546422	23.07248370728017
34-35	23.686892861944063	26.762502502553087	26.24286939450538	23.307735240997467
36-37	23.403155471827837	26.78146677903165	26.12779932611769	23.68757842302282
38-39	23.561392013922468	26.85907049304091	26.06752709029358	23.51201040274304
40-41	23.673710818470113	26.789065047682136	26.291660840603782	23.24556329324397
42-43	23.64551432362353	26.712343782780863	26.34950141089787	23.29264048269774
44-45	23.49690337107319	26.900636398555278	26.162646221929503	23.439814008442028
46-47	23.5164979287587	26.75986639222202	26.185187597647513	23.53844808137176
48-49	23.708569660210866	26.482532937778817	26.209698267291486	23.59919913471883
50-51	23.771736712871082	26.635018355715733	26.288780699323677	23.304464232089508
52-53	23.648586733433575	26.59906444920603	26.278802759650333	23.473546057710063
54-55	23.556616149708294	26.658478404531362	26.324378212447986	23.460527233312362
56-57	23.65748959418569	26.616066676878923	26.201007147507895	23.525436581427492
58-59	23.877772969251463	26.657031779968776	26.16192458770491	23.303270663074855
60-61	23.730628070859456	26.578239148392736	26.39865279517476	23.29247998557305
62-63	23.631095413625637	26.753335701018845	26.31203649422278	23.30353239113274
64-65	23.586237200082397	26.718431526944926	26.137023082973165	23.558308189999515
66-67	23.606370407826493	26.564016658116024	26.30201795014398	23.527594983913502
68-69	23.633770752646452	26.68729283764864	26.28167701122686	23.39725939847804
70-71	23.58092989933859	26.734447082205115	26.32085534446473	23.363767673991568
72-73	23.503791391348802	26.762174462034366	26.265248900806004	23.468785245810828
74-75	23.677554244699703	26.71018492870058	26.324952415747955	23.28730841085176
76-77	23.986559884296494	26.48595873876511	26.292912552406438	23.234568824531955
78-79	23.847450458389236	26.688292830165246	26.18938236409311	23.27487434735241
80-81	23.642040470494344	27.006877176095507	26.0362989107146	23.314783442695546
82-83	23.92063617314073	26.902909758310827	25.817263910462362	23.35919015808608
84-85	23.885285025032506	27.072971251978515	25.791573236116133	23.250170486872843
86-87	23.949853902572933	27.13596866345939	25.88479179762072	23.029385636346948
88-89	23.944027088502434	27.164596932552755	25.72825971160067	23.163116267344144
90-91	23.99024746457481	27.23286942494005	25.420203078872746	23.3566800316124
92-93	24.1388627483804	27.41683064704599	25.2121045955762	23.232202008997405
94-95	24.445990474867234	27.472191609142055	25.072547281900594	23.00927063409012
96-97	24.225096841087108	27.462650565972858	25.040270712389905	23.271981880550133
98-99	24.17922345704928	27.730252995686875	24.782421553525694	23.308101993738152
100-101	24.497915911352507	27.565085687660805	24.35915361390569	23.577844787080995
>>END_MODULE
>>Per sequence GC content	pass
#GC Content	Count
0	673.0
1	463.0
2	240.5
3	267.0
4	319.5
5	346.0
6	391.5
7	431.5
8	455.0
9	454.5
10	445.5
11	510.0
12	552.5
13	605.0
14	722.0
15	865.5
16	1226.0
17	1836.5
18	2999.5
19	5300.5
20	8479.0
21	14581.0
22	23471.0
23	38793.0
24	62999.5
25	96527.5
26	146799.5
27	213377.0
28	310153.0
29	424319.0
30	527737.0
31	629031.0
32	745674.0
33	876295.0
34	1015329.0
35	1172741.0
36	1319898.0
37	1462312.0
38	1634351.0
39	1834074.5
40	2036703.5
41	2234717.5
42	2455761.0
43	2668306.5
44	2870446.5
45	3019268.0
46	3039574.0
47	3020195.0
48	3011836.0
49	2944349.0
50	2853419.5
51	2737088.5
52	2563093.0
53	2437070.5
54	2297599.0
55	2098969.0
56	1918957.5
57	1707013.5
58	1507797.0
59	1365999.0
60	1204395.5
61	1035281.0
62	876102.0
63	721123.5
64	590765.0
65	489143.0
66	394277.5
67	304973.0
68	241442.0
69	196360.5
70	160156.5
71	131187.5
72	106807.0
73	90001.5
74	80282.0
75	67456.0
76	54133.0
77	43840.5
78	36289.0
79	30476.0
80	23294.0
81	15496.0
82	9644.0
83	6628.0
84	4736.0
85	3407.0
86	2266.0
87	1471.0
88	1000.5
89	751.5
90	597.5
91	388.0
92	248.5
93	190.0
94	137.0
95	104.5
96	66.0
97	39.5
98	30.0
99	13.5
100	5.5
>>END_MODULE
>>Per base N content	pass
#Base	N-Count
1	0.012886431498468522
2	0.00323039407791154
3	0.002922876962607178
4	4.759193451138942E-4
5	0.03568077157860045
6	0.039075174784674316
7	0.026436221345665024
8	0.01645509440321486
9	0.010575660032038598
10-11	0.020375205439737615
12-13	0.03712829857135456
14-15	0.0390868897224002
16-17	0.029055242111007174
18-19	0.017453060660738304
20-21	0.017228280293122972
22-23	0.022666207948755113
24-25	0.02249560916812198
26-27	0.032701516478187476
28-29	0.026436221345665024
30-31	0.02156280725169875
32-33	0.029805730309071393
34-35	0.030897416068401882
36-37	0.02535844707488402
38-39	0.024168648712099283
40-41	0.0055265218721841135
42-43	0.0058516113940772965
44-45	0.00689350866807279
46-47	0.0134348370207613
48-49	0.006572812247826814
50-51	0.010076310811472942
52-53	0.009888871807858853
54-55	0.008453059752830628
56-57	0.007236902780162663
58-59	0.007443378557581305
60-61	0.008164579411330824
62-63	0.004079727063037874
64-65	0.007386268236167639
66-67	0.008097950703014877
68-69	0.009571836305652216
70-71	0.011568501004306968
72-73	0.024285065905750223
74-75	0.030400995582267696
76-77	0.022060692105048667
78-79	0.010824602458713558
80-81	0.005891149308902143
82-83	0.009834690220876657
84-85	0.008442809182320484
86-87	0.002304913997566983
88-89	0.006894973035288526
90-91	0.0062674916833460525
92-93	0.005165555353505421
94-95	0.016859991938365602
96-97	0.01106988396734918
98-99	0.009768061512560712
100-101	7.614709521822307E-4
>>END_MODULE
>>Sequence Length Distribution	pass
#Length	Count
101	6.8288882E7
>>END_MODULE
>>Sequence Duplication Levels	fail
#Total Deduplicated Percentage	35.327788034083554
#Duplication Level	Percentage of deduplicated	Percentage of total
1	60.23226320565729	21.278726273425907
2	20.405152688865723	14.417378179907168
3	8.270178742975547	8.765013649074712
4	3.7186064740076326	5.2548056518365
5	1.890428244612962	3.339232415966569
6	1.1587352331756344	2.4561331623151914
7	0.7612123334661154	1.8824363575934737
8	0.5464336030029402	1.5443432401270747
9	0.3957245010269749	1.2582064162957003
>10	2.237693620223135	14.62978691046552
>50	0.2091297631406551	5.147473064985313
>100	0.15432060965354277	10.602495516409125
>500	0.012764289836874672	3.066609286906554
>1k	0.006726452963782002	4.504650076639328
>5k	5.092045464194974E-4	1.247736918460628
>10k+	1.2103284479048269E-4	0.6049728795912404
>>END_MODULE
>>Overrepresented sequences	pass
>>END_MODULE
>>Adapter Content	warn
#Position	Illumina Universal Adapter	Illumina Small RNA 3' Adapter	Illumina Small RNA 5' Adapter	Nextera Transposase Sequence	SOLID Small RNA Adapter
1	3.7048490558097E-4	2.928734431470118E-6	0.0	0.0	1.464367215735059E-6
2	5.681744797052029E-4	1.0250570510145414E-5	0.0	4.393101647205178E-6	1.464367215735059E-6
3	0.0011919949136083381	1.0250570510145414E-5	0.0	4.393101647205178E-6	4.393101647205178E-6
4	0.0031220309039471463	1.3179304941615533E-5	1.464367215735059E-6	7.321836078675296E-6	7.321836078675296E-6
5	0.0037971041904010083	1.3179304941615533E-5	1.464367215735059E-6	7.321836078675296E-6	8.786203294410355E-6
6	0.0051003910124052115	1.3179304941615533E-5	1.464367215735059E-6	1.3179304941615533E-5	8.786203294410355E-6
7	0.005620241373991157	1.3179304941615533E-5	1.464367215735059E-6	1.4643672157350592E-5	8.786203294410355E-6
8	0.006642369690574228	1.3179304941615533E-5	1.464367215735059E-6	2.1965508236025887E-5	1.3179304941615533E-5
9	0.007699642820334941	1.6108039373085652E-5	1.464367215735059E-6	2.1965508236025887E-5	1.4643672157350592E-5
10-11	0.010503173854859712	1.757240658882071E-5	1.464367215735059E-6	2.4162059059628475E-5	1.97689574124233E-5
12-13	0.0138858621232077	2.1965508236025887E-5	1.464367215735059E-6	2.8555160706833654E-5	2.4162059059628475E-5
14-15	0.01808200637989651	2.6358609883231066E-5	1.464367215735059E-6	3.368044596190636E-5	2.5626426275363537E-5
16-17	0.023162628434889296	2.7822977098966125E-5	1.464367215735059E-6	3.514481317764142E-5	2.7822977098966125E-5
18-19	0.029425727016588146	2.7822977098966125E-5	1.464367215735059E-6	3.587699678550895E-5	3.587699678550895E-5
20-21	0.03447266862561903	2.9287344314701187E-5	1.464367215735059E-6	3.660918039337648E-5	4.1002282040581656E-5
22-23	0.04014489503576878	3.368044596190636E-5	1.464367215735059E-6	4.027009843271413E-5	5.271721976646213E-5
24-25	0.046865608372384834	4.2466649256316715E-5	1.464367215735059E-6	5.271721976646213E-5	5.564595419793225E-5
26-27	0.05405345485082037	5.1252852550727074E-5	2.196550823602589E-6	5.344940337432966E-5	6.516434110021013E-5
28-29	0.06121054961772547	5.418158698219719E-5	2.928734431470118E-6	5.564595419793225E-5	7.395054439462048E-5
30-31	0.0683537328960811	5.637813780579978E-5	2.928734431470118E-6	5.784250502153484E-5	7.68792788260906E-5
32-33	0.0761082894870061	6.443215749234261E-5	2.928734431470118E-6	6.296779027660755E-5	8.127238047329579E-5
34-35	0.0842867803868864	6.589652470807767E-5	2.928734431470118E-6	7.028962635528284E-5	8.639766572836849E-5
36-37	0.09328824566200981	7.248617717888544E-5	2.928734431470118E-6	7.395054439462048E-5	9.005858376770614E-5
38-39	0.10245445224890343	7.468272800248802E-5	2.928734431470118E-6	7.90758296496932E-5	1.039700723171892E-4
40-41	0.11198967937416225	7.980801325756072E-5	2.928734431470118E-6	8.493329851263343E-5	1.061666231407918E-4
42-43	0.12164059150946416	9.15229509834412E-5	2.928734431470118E-6	8.93264001598386E-5	1.1202409200373204E-4
44-45	0.13185308847200045	9.811260345424897E-5	3.660918039337648E-6	9.152295098344119E-5	1.1422064282733462E-4
46-47	0.14297861839354759	1.0250570510145415E-4	4.393101647205178E-6	9.371950180704378E-5	1.1422064282733462E-4
48-49	0.15504720080202805	1.0763099035652685E-4	4.393101647205178E-6	9.371950180704378E-5	1.2154247890600991E-4
50-51	0.1688466652595074	1.112919083958645E-4	4.393101647205178E-6	9.811260345424897E-5	1.2886431498468522E-4
52-53	0.18479289205525434	1.1422064282733462E-4	4.393101647205178E-6	1.0104133788571909E-4	1.383827018869631E-4
54-55	0.2030762489273144	1.2154247890600991E-4	4.393101647205178E-6	1.0909535757226192E-4	1.537585576521812E-4
56-57	0.22456071253297133	1.2154247890600991E-4	4.393101647205178E-6	1.1714937725880473E-4	1.581516592993864E-4
58-59	0.2515936635190484	1.237390297296125E-4	4.393101647205178E-6	1.1934592808240732E-4	1.6620567898592922E-4
60-61	0.28878273332985593	1.317930494161553E-4	4.393101647205178E-6	1.2227466251387743E-4	1.757240658882071E-4
62-63	0.338554378441867	1.3472178384762545E-4	4.393101647205178E-6	1.2666776416108262E-4	1.8817118722195511E-4
64-65	0.4033972909382233	1.4350798714203578E-4	4.393101647205178E-6	1.2739994776895015E-4	2.028148593793057E-4
66-67	0.4856639767510032	1.581516592993864E-4	4.393101647205178E-6	1.2813213137681767E-4	2.2404818400746404E-4
68-69	0.5916988068423789	1.610803937308565E-4	4.393101647205178E-6	1.3032868220042026E-4	2.47478059459225E-4
70-71	0.7322619515135713	1.6474131177019418E-4	4.393101647205178E-6	1.3325741663189038E-4	2.650504660480457E-4
72-73	0.9244996864936228	1.6693786259379674E-4	4.393101647205178E-6	1.3325741663189038E-4	2.818906890289989E-4
74-75	1.1770268841127023	1.6913441341739934E-4	4.393101647205178E-6	1.3691833467122805E-4	3.119102169515676E-4
76-77	1.4826417864038248	1.7425969867247205E-4	4.393101647205178E-6	1.4277580353416828E-4	3.4925158095281165E-4
78-79	1.8482664571957703	1.779206167118097E-4	4.393101647205178E-6	1.435079871420358E-4	3.514481317764142E-4
80-81	2.2959176575771147	1.8377808557474992E-4	4.393101647205178E-6	1.435079871420358E-4	3.5364468260001684E-4
82-83	2.8526298029011516	1.9036773804555768E-4	4.393101647205178E-6	1.4863327239710852E-4	3.6535962032589725E-4
84-85	3.530505156022323	1.9695739051636547E-4	4.393101647205178E-6	1.515620068285786E-4	3.7194927279670504E-4
86-87	4.29924229832903	2.028148593793057E-4	4.393101647205178E-6	1.537585576521812E-4	3.7634237444391023E-4
88-89	5.132493602692163	2.0647577741864334E-4	4.393101647205178E-6	1.5449074126004875E-4	3.931825974248634E-4
>>END_MODULE
>>Kmer Content	fail
#Sequence	Count	PValue	Obs/Exp Max	Max Obs/Exp Position
CGAGCTA	12590	0.0	18.193392	1
TAACGAG	23085	0.0	11.71033	9
TGCGGTG	27360	0.0	11.182954	9
AGTAACG	28945	0.0	10.0457	7
GTAACGA	27985	0.0	9.693665	8
TATCGCG	4990	0.0	9.234254	22-23
ATATAGC	29350	0.0	9.113799	6
CCCGGAT	17645	0.0	8.914536	1
GAGTAAC	35330	0.0	8.889084	6
GATATAG	32415	0.0	8.869559	5
ACACGTC	201915	0.0	8.713966	94-95
CACACGT	227910	0.0	8.51927	94-95
CACGTCT	185380	0.0	8.498406	94-95
TATAGGT	25250	0.0	8.439112	12-13
GCACACG	253730	0.0	8.322475	94-95
ACGTCTG	167345	0.0	8.315909	94-95
CGTCTGA	156290	0.0	7.930143	94-95
TACTGCG	48305	0.0	7.917771	6
AGCACAC	297345	0.0	7.8444805	94-95
CCGAAAG	36990	0.0	7.746854	1
>>END_MODULE
