7
XP_023609502.1 0.0000000 0.0272362 0.0033729 0.0033729 0.0169653 2.4285554 1.7385199 
XP_015419449.1 0.0272362 0.0000000 0.0237726 0.0237726 0.0101078 2.4909823 1.7420486 
XP_005881008.2 0.0033729 0.0237726 0.0000000 0.0000010 0.0135388 2.4085131 1.7326857 
XP_014384420.1 0.0033729 0.0237726 0.0000010 0.0000000 0.0135388 2.4085131 1.7326857 
APR72762.1     0.0169653 0.0101078 0.0135388 0.0135388 0.0000000 2.4497993 1.7281903 
AAA59137.1     2.4285554 2.4909823 2.4085131 2.4085131 2.4497993 0.0000000 1.4453086 
EAX01803.1     1.7385199 1.7420486 1.7326857 1.7326857 1.7281903 1.4453086 0.0000000 
