##FastQC	0.11.5
>>Basic Statistics	pass
#Measure	Value
Filename	SRR3213612_2.fastq
File type	Conventional base calls
Encoding	Sanger / Illumina 1.9
Total Sequences	37426791
Sequences flagged as poor quality	0
Sequence length	101
%GC	44
>>END_MODULE
>>Per base sequence quality	pass
#Base	Mean	Median	Lower Quartile	Upper Quartile	10th Percentile	90th Percentile
1	31.201588322119306	34.0	31.0	34.0	28.0	34.0
2	31.265070654868595	34.0	31.0	34.0	28.0	34.0
3	31.34822010254633	34.0	31.0	34.0	28.0	34.0
4	34.57347577568165	37.0	37.0	37.0	32.0	37.0
5	34.55548574816366	37.0	37.0	37.0	32.0	37.0
6	34.55212294316122	37.0	37.0	37.0	32.0	37.0
7	34.542152438342896	37.0	36.0	37.0	32.0	37.0
8	34.52136692670232	37.0	36.0	37.0	32.0	37.0
9	36.218658366943615	39.0	38.0	39.0	32.0	39.0
10-11	36.196830179750116	39.0	38.0	39.0	32.0	39.0
12-13	36.13006235292788	39.0	38.0	39.0	32.0	39.0
14-15	37.59100452934904	41.0	39.0	41.0	32.0	41.0
16-17	37.55638641314454	41.0	39.0	41.0	32.0	41.0
18-19	37.52868713751067	41.0	39.0	41.0	32.0	41.0
20-21	37.528945495220256	41.0	39.0	41.0	32.0	41.0
22-23	37.490796993522636	41.0	39.0	41.0	32.0	41.0
24-25	37.43843167051111	41.0	39.0	41.0	32.0	41.0
26-27	37.38839383798627	41.0	39.0	41.0	32.0	41.0
28-29	37.33162323481059	41.0	39.0	41.0	32.0	41.0
30-31	37.25102124037297	41.0	39.0	41.0	31.0	41.0
32-33	37.188822947711444	41.0	39.0	41.0	31.0	41.0
34-35	37.13093241149101	41.0	38.5	41.0	31.0	41.0
36-37	37.0690132370686	41.0	38.0	41.0	31.0	41.0
38-39	36.98705144130577	41.0	38.0	41.0	30.0	41.0
40-41	36.93796517312959	41.0	38.0	41.0	30.0	41.0
42-43	36.83683028021291	40.5	38.0	41.0	30.0	41.0
44-45	36.69008868540186	40.0	38.0	41.0	30.0	41.0
46-47	36.582406771128205	40.0	38.0	41.0	30.0	41.0
48-49	36.44057926312732	40.0	37.5	41.0	29.5	41.0
50-51	36.33002225598235	40.0	37.0	41.0	29.0	41.0
52-53	36.16285001564788	40.0	37.0	41.0	28.5	41.0
54-55	35.99211391112853	40.0	36.5	41.0	28.0	41.0
56-57	35.80037601941347	40.0	36.0	41.0	28.0	41.0
58-59	35.58215216741398	39.5	35.0	41.0	28.0	41.0
60-61	35.349733750884496	39.0	35.0	41.0	27.0	41.0
62-63	35.050415115738886	39.0	35.0	41.0	26.0	41.0
64-65	34.77812631598579	38.0	35.0	40.5	26.0	41.0
66-67	34.58620348990112	38.0	35.0	40.0	26.0	41.0
68-69	34.42558452312944	37.0	35.0	40.0	26.0	41.0
70-71	34.11295317837963	37.0	35.0	39.5	26.0	41.0
72-73	33.75488467605999	36.0	35.0	39.0	26.0	41.0
74-75	33.40066146734301	36.0	34.5	39.0	25.5	40.5
76-77	33.043022403390125	35.0	34.0	37.5	25.0	39.5
78-79	32.70801421366849	35.0	34.0	37.0	24.0	39.0
80-81	32.40189263086969	35.0	34.0	37.0	24.0	39.0
82-83	32.120039185299106	35.0	34.0	36.0	23.0	38.0
84-85	31.87886975135004	35.0	34.0	36.0	23.0	37.0
86-87	31.845111901258115	35.0	34.0	36.0	24.0	37.0
88-89	31.716417939758713	35.0	34.0	35.0	23.5	36.5
90-91	31.572671645827185	35.0	34.0	35.0	23.0	36.0
92-93	31.442271740582836	35.0	34.0	35.0	21.0	36.0
94-95	31.33486548446005	35.0	34.0	35.0	20.0	36.0
96-97	31.23558542595864	35.0	34.0	35.0	19.5	36.0
98-99	31.116336650395702	35.0	34.0	35.0	16.5	36.0
100-101	30.82511133535333	35.0	33.5	35.0	2.0	35.0
>>END_MODULE
>>Per sequence quality scores	pass
#Quality	Count
2	1442053.0
3	151236.0
4	96497.0
5	72676.0
6	65245.0
7	63909.0
8	64224.0
9	67364.0
10	71119.0
11	72252.0
12	73033.0
13	73029.0
14	72974.0
15	72651.0
16	71725.0
17	71498.0
18	70913.0
19	71167.0
20	73783.0
21	75476.0
22	81650.0
23	93928.0
24	112557.0
25	137304.0
26	166048.0
27	199871.0
28	241255.0
29	283241.0
30	340666.0
31	417293.0
32	528569.0
33	691180.0
34	971280.0
35	1501146.0
36	3007487.0
37	7465312.0
38	1.3291682E7
39	4994381.0
40	9117.0
>>END_MODULE
>>Per base sequence content	warn
#Base	G	A	T	C
1	32.46689267536894	14.491544024586341	13.200185337628842	39.841377962415876
2	22.403582874871628	20.294034561857963	34.32649661578438	22.97588594748603
3	24.629957993464632	21.888701486789724	25.46420034995246	28.017140169793187
4	26.878736484482435	27.82741931134899	20.504993663547875	24.788850540620704
5	27.83103636384571	31.367248467812914	22.06797280237989	18.733742365961486
6	22.133726775244764	35.92001790580353	23.246692864269978	18.69956245468173
7	18.761960573310496	21.323682540736378	40.58042011761728	19.333936768335846
8	19.499225064501164	24.59786925139633	32.00489133994794	23.898014344154568
9	20.729702802711618	23.06231221020476	33.18376397223986	23.024221014843764
10-11	22.621788101723077	32.83903755837105	24.20127972671396	20.337894613191914
12-13	21.818072874562443	26.93781983883422	28.95685941812341	22.28724786847993
14-15	22.268059484980245	27.776357306302142	28.482526085636078	21.47305712308153
16-17	23.178664025251262	27.56846881667581	27.634100506569304	21.61876665150362
18-19	22.56550551448398	27.372143438233987	27.627052518874528	22.435298528407504
20-21	22.440510512746286	27.493737583523025	28.099858768742486	21.9658931349882
22-23	22.468722996606438	27.539064502383663	27.950703305934443	22.041509195075456
24-25	22.205134751266645	28.030348968681366	27.701078757843806	22.063437522208183
26-27	22.398005720259004	28.068540561215645	27.7284817172298	21.80497200129555
28-29	22.47903285871315	27.747109255063247	27.822031626144078	21.951826260079528
30-31	22.483879263713856	27.797759030244972	27.68637800141619	22.031983704624984
32-33	22.468642311948955	27.934864728169646	27.723750156264526	21.872742803616873
34-35	22.575161308949475	27.816471112048326	27.727903867591273	21.880463711410925
36-37	22.465394968874474	27.72854017049079	27.675512567601167	22.130552293033567
38-39	22.594031038223978	27.756467868570066	27.601786720587608	22.047714372618348
40-41	22.741236827927047	27.571073594198907	27.735034730117498	21.95265484775654
42-43	22.6106892583646	27.770081639513766	27.64378718875774	21.975441913363895
44-45	22.24533425073058	27.823890232021895	27.93740439858368	21.993371118663845
46-47	22.49113643370408	27.69146408113195	27.647415740874486	22.169983744289482
48-49	22.374055658125503	27.491125848281644	27.983892333633552	22.150926159959297
50-51	22.502191271852826	27.735567720095826	27.9918237790036	21.770417229047748
52-53	22.438327517409135	27.914470213351645	27.627028951271054	22.02017331796817
54-55	22.31036521628856	27.799133284686494	27.802874969089338	22.087626529935612
56-57	22.367733396219176	27.724829500729804	27.829085127533492	22.07835197551753
58-59	22.43899723222962	27.86458063154662	27.74041106169294	21.956011074530817
60-61	22.27782485344966	27.575326041336982	27.817594830607543	22.329254274605812
62-63	22.324360927256713	27.90763244185918	27.901223323746827	21.86678330713728
64-65	22.498861911732313	27.70635908082616	27.61028543482786	22.18449357261367
66-67	22.31112446376843	27.784177822364082	27.764459178776633	22.14023853509085
68-69	22.425084589998683	27.93165475186628	27.77036220396734	21.872898454167693
70-71	22.39235299588878	27.722385400419427	27.704107939234646	22.181153664457153
72-73	22.220772207697824	27.940286751997768	27.668926227968115	22.17001481233629
74-75	22.477730838117196	27.863985803150303	27.57688730553164	22.08139605320086
76-77	22.570244768401565	27.741846534028973	27.62333569454732	22.06457300302214
78-79	22.426590235599864	27.946139784950297	27.609825768671353	22.01744421077849
80-81	22.518692242643667	27.883505665618063	27.709530379795506	21.88827171194277
82-83	22.724650706152538	27.812180321143202	27.580885847443227	21.882283125261033
84-85	22.690529549330137	27.916347062696502	27.59719656529886	21.795926822674506
86-87	22.611747972508354	27.907986893175508	27.662834671751025	21.817430462565117
88-89	22.678264469285693	28.099799946085525	27.463506986981145	21.75842859764764
90-91	22.5672256280398	28.0099214183774	27.406732333285266	22.016120620297535
92-93	22.839757725117636	28.03365091842555	27.31233590013591	21.814255456320904
94-95	22.987021719111404	28.066661632527623	27.042492414728116	21.903824233632857
96-97	22.871473325674273	27.870475346173425	27.45397337543512	21.804077952717186
98-99	22.898390072888123	28.04530879023192	27.579282896703084	21.477018240176875
100-101	22.958791837451496	28.05565128230808	27.36095153720125	21.62460534303917
>>END_MODULE
>>Per sequence GC content	warn
#GC Content	Count
0	302202.0
1	152587.0
2	2439.0
3	1747.0
4	1530.5
5	1403.5
6	1149.5
7	1083.0
8	1421.5
9	1596.5
10	1310.5
11	953.5
12	831.5
13	870.0
14	970.5
15	1121.5
16	1615.5
17	2101.5
18	2891.0
19	5248.5
20	10193.0
21	17674.5
22	29643.5
23	43482.0
24	66436.0
25	120546.5
26	180738.5
27	230054.0
28	288748.0
29	334382.5
30	379521.0
31	446949.0
32	521532.5
33	607554.5
34	694417.5
35	779847.0
36	915836.5
37	1048671.5
38	1149745.0
39	1280895.5
40	1444191.5
41	1630836.5
42	1762482.5
43	1832507.5
44	1849225.0
45	1799927.5
46	1725707.5
47	1683600.0
48	1628056.5
49	1524391.5
50	1420410.5
51	1278437.0
52	1125614.0
53	1022664.5
54	918330.5
55	794074.5
56	718657.5
57	631916.5
58	528511.0
59	460516.0
60	389726.0
61	323309.5
62	269074.0
63	228078.0
64	189894.5
65	149937.0
66	121870.5
67	98660.5
68	78538.5
69	64215.0
70	54068.0
71	44146.0
72	35284.5
73	27872.0
74	21935.0
75	16962.5
76	12806.5
77	9574.0
78	7261.5
79	6306.5
80	5338.0
81	3715.0
82	2115.5
83	1222.5
84	841.0
85	644.5
86	476.0
87	348.5
88	266.5
89	217.0
90	165.5
91	131.5
92	120.0
93	108.5
94	89.5
95	77.5
96	73.5
97	61.0
98	54.5
99	57.0
100	138.0
>>END_MODULE
>>Per base N content	pass
#Base	N-Count
1	0.8619894770032515
2	0.8766207073430368
3	0.8993824771137873
4	0.9078817363743528
5	0.9104494157674379
6	0.8470803708498545
7	0.8381910166971034
8	0.8407613679730116
9	0.8509358977637169
10-11	0.8515611183443431
12-13	0.8506085921178762
14-15	0.8408415244577073
16-17	0.8318546465819098
18-19	0.8398876622898286
20-21	0.8424927480424383
22-23	0.8358223925743461
24-25	0.8376446166597612
26-27	0.8337289723823771
28-29	0.8488959152282118
30-31	0.8440290806657723
32-33	0.8396164661832749
34-35	0.8398048339223098
36-37	0.8441279403302302
38-39	0.8467290182586051
40-41	0.8431326639785921
42-43	0.8419236370010991
44-45	0.8443269956005578
46-47	0.8545509552234922
48-49	0.8546391273566575
50-51	0.8502064737529862
52-53	0.8547500104938198
54-55	0.8492192130498177
56-57	0.8560725924912984
58-59	0.8492846741789859
60-61	0.8436136028867663
62-63	0.843248890881401
64-65	0.8392811448889648
66-67	0.8476294427700201
68-69	0.8475292471641505
70-71	0.8503146850073254
72-73	0.854689893130298
74-75	0.8662070440396561
76-77	0.8743228881150937
78-79	0.8719555999337479
80-81	0.8682804251104509
82-83	0.8751685390286333
84-85	0.8663112474697603
86-87	0.8725741408073164
88-89	0.8744858729673084
90-91	0.8690058412969468
92-93	0.8718033026128262
94-95	0.8730898141921919
96-97	0.866559732572317
98-99	0.8689083175739005
100-101	0.8635725675759912
>>END_MODULE
>>Sequence Length Distribution	pass
#Length	Count
101	3.7426791E7
>>END_MODULE
>>Sequence Duplication Levels	fail
#Total Deduplicated Percentage	35.9438252188105
#Duplication Level	Percentage of deduplicated	Percentage of total
1	74.44979552639626	26.760104379769672
2	13.327124299152675	9.580556529562125
3	4.468548055684293	4.818501308861151
4	2.1204265119211243	3.0486495973529957
5	1.214132104798462	2.1820276083711216
6	0.8017646411681708	1.7291092877262628
7	0.5673078837165062	1.4273850792291563
8	0.390547202863431	1.1230208319534796
9	0.3186018296549291	1.0306591631559008
>10	1.9372335816513515	13.210932221501782
>50	0.20412393009262295	5.139452151965389
>100	0.1649367875232012	12.130521836078566
>500	0.020501069242618988	5.102083102727391
>1k	0.01410709611838645	9.460830985589936
>5k	7.004484352792086E-4	1.6792119474151348
>10k+	1.4903158067185393E-4	1.5769539687404681
>>END_MODULE
>>Overrepresented sequences	warn
#Sequence	Count	Percentage	Possible Source
NNNNNNNNNNNNNNNNNNNNNNNNNNNNNNNNNNNNNNNNNNNNNNNNNN	300082	0.8017839413483244	No Hit
>>END_MODULE
>>Adapter Content	pass
#Position	Illumina Universal Adapter	Illumina Small RNA 3' Adapter	Illumina Small RNA 5' Adapter	Nextera Transposase Sequence	SOLID Small RNA Adapter
1	2.0573497738558455E-4	0.0	0.0	1.335941411594705E-5	0.0
2	2.591726338493728E-4	0.0	0.0	2.67188282318941E-5	0.0
3	3.9009489218565387E-4	0.0	0.0	2.67188282318941E-5	0.0
4	0.001589770279797699	0.0	0.0	4.809389081740938E-5	0.0
5	0.002046662242563088	0.0	0.0	5.076577364059879E-5	0.0
6	0.0030860246607837686	0.0	0.0	6.145330493335643E-5	2.67188282318941E-6
7	0.0035161977953172634	0.0	0.0	6.679707057973524E-5	2.67188282318941E-6
8	0.004371200298737874	0.0	0.0	7.214083622611407E-5	2.67188282318941E-6
9	0.0059796737582979	0.0	0.0	8.01564846956823E-5	2.67188282318941E-6
10-11	0.007783194663950751	0.0	0.0	8.1492426107277E-5	2.67188282318941E-6
12-13	0.009578699921134035	0.0	0.0	9.084401598843993E-5	2.67188282318941E-6
14-15	0.011980722579181313	0.0	0.0	9.885966445800817E-5	5.34376564637882E-6
16-17	0.01439877653416773	4.007824234784115E-6	0.0	1.0420343010438698E-4	5.34376564637882E-6
18-19	0.0165509781482468	5.34376564637882E-6	0.0	1.095471957507658E-4	6.679707057973525E-6
20-21	0.018446679011299687	8.01564846956823E-6	0.0	1.2958631692468637E-4	1.603129693913646E-5
22-23	0.02039581753081636	1.068753129275764E-5	0.0	1.4027384821744404E-4	1.870317976232587E-5
24-25	0.02262149592253314	1.068753129275764E-5	0.0	1.5229732092179638E-4	2.137506258551528E-5
26-27	0.025062260881516668	1.068753129275764E-5	0.0	1.6699267644933812E-4	2.137506258551528E-5
28-29	0.027481650777914677	1.2023472704352346E-5	0.0	1.8035209056528517E-4	2.137506258551528E-5
30-31	0.03034724510578532	1.870317976232587E-5	0.0	1.9905527032761106E-4	2.2711003997109985E-5
32-33	0.03333441010211108	2.67188282318941E-5	0.0	2.1909439150153163E-4	2.404694540870469E-5
34-35	0.036626169740280434	2.8054769643488805E-5	0.0	2.3512568844066806E-4	2.404694540870469E-5
36-37	0.03997804674197154	3.206259387827292E-5	0.0	2.458132197334257E-4	2.67188282318941E-5
38-39	0.04365990127232655	3.206259387827292E-5	0.0	2.7119610655372507E-4	2.67188282318941E-5
40-41	0.04754749078006715	3.206259387827292E-5	0.0	2.7653987220010393E-4	2.67188282318941E-5
42-43	0.05165684656213246	3.339853528986763E-5	0.0	2.8321957925807746E-4	2.67188282318941E-5
44-45	0.05618168012320372	3.473447670146233E-5	0.0	3.005868176088086E-4	2.67188282318941E-5
46-47	0.06078399828614748	3.473447670146233E-5	0.0	3.0860246607837685E-4	2.67188282318941E-5
48-49	0.06586458347444214	3.473447670146233E-5	0.0	3.3131347007548685E-4	2.8054769643488805E-5
50-51	0.0717774601621603	3.473447670146233E-5	0.0	3.553604154841915E-4	3.339853528986763E-5
52-53	0.07799760337454525	3.473447670146233E-5	0.0	3.740635952465174E-4	3.473447670146233E-5
54-55	0.08472674026474779	3.473447670146233E-5	0.0	3.753995366581121E-4	3.740635952465174E-5
56-57	0.09243378626823764	3.473447670146233E-5	0.0	3.780714194813015E-4	3.740635952465174E-5
58-59	0.10157964117201498	3.740635952465174E-5	0.0	3.981105406552221E-4	3.740635952465174E-5
60-61	0.11261451723178725	3.740635952465174E-5	0.0	4.128058961827639E-4	4.675794940581468E-5
62-63	0.12596057193361837	3.740635952465174E-5	0.0	4.3551690017987383E-4	5.076577364059879E-5
64-65	0.14208805665438962	3.740635952465174E-5	0.0	4.515481971190103E-4	5.076577364059879E-5
66-67	0.1602662114419588	3.740635952465174E-5	0.0	4.6223572841176794E-4	5.076577364059879E-5
68-69	0.18296786384918762	3.740635952465174E-5	0.0	4.796029667624991E-4	5.076577364059879E-5
70-71	0.21281145904280174	3.8742300936246445E-5	0.0	4.996420879364197E-4	5.076577364059879E-5
72-73	0.2535403048580895	4.007824234784115E-5	0.0	5.196812091103403E-4	5.076577364059879E-5
74-75	0.30595463020059616	4.007824234784115E-5	0.0	5.47735978753829E-4	5.076577364059879E-5
76-77	0.3668962695733118	4.007824234784115E-5	1.335941411594705E-6	5.651032171045602E-4	5.076577364059879E-5
78-79	0.44030224231620607	4.007824234784115E-5	2.67188282318941E-6	5.824704554552914E-4	5.076577364059879E-5
80-81	0.5338021098308963	4.007824234784115E-5	2.67188282318941E-6	6.15868990745159E-4	5.076577364059879E-5
82-83	0.6608942241401353	4.007824234784115E-5	2.67188282318941E-6	6.372440533306742E-4	5.34376564637882E-5
84-85	0.8273939382085951	4.007824234784115E-5	2.67188282318941E-6	7.000332996756253E-4	5.34376564637882E-5
86-87	1.024784625537359	4.007824234784115E-5	2.67188282318941E-6	7.307599521423037E-4	5.477359787538291E-5
88-89	1.249807925023548	4.007824234784115E-5	2.67188282318941E-6	7.42783424846656E-4	6.145330493335642E-5
>>END_MODULE
>>Kmer Content	fail
#Sequence	Count	PValue	Obs/Exp Max	Max Obs/Exp Position
TATCGCG	2400	0.0	17.9086	22-23
CGGGGTA	4580	0.0	17.846786	1
ACGGTAC	9310	0.0	15.226832	58-59
CTAGGAT	16265	0.0	15.193098	1
TAACGGT	9540	0.0	14.910323	56-57
CGGCGAT	6805	0.0	13.338501	3
TTTAACG	11140	0.0	13.024977	54-55
GTCGAAT	7070	0.0	12.972837	1
ATCGCGG	3635	0.0	12.673355	22-23
CGATTGG	8420	0.0	11.683089	4
CTCGGGT	13540	0.0	11.33655	1
CCCGCAT	4580	0.0	10.998601	1
CGCGCAT	5745	0.0	10.874096	70-71
CGGCTAA	10340	0.0	10.839464	18-19
AACGGTA	9840	0.0	10.593863	58-59
TGGCCCG	7560	0.0	10.434205	5
TTAACGG	10425	0.0	10.341616	56-57
TCGCGGC	4595	0.0	10.28457	24-25
CGGGGTT	5800	0.0	10.241866	1
AGCTAGT	11260	0.0	10.189163	80-81
>>END_MODULE
