##FastQC	0.11.5
>>Basic Statistics	pass
#Measure	Value
Filename	SRR3213612_1.fastq
File type	Conventional base calls
Encoding	Sanger / Illumina 1.9
Total Sequences	37426791
Sequences flagged as poor quality	0
Sequence length	101
%GC	44
>>END_MODULE
>>Per base sequence quality	pass
#Base	Mean	Median	Lower Quartile	Upper Quartile	10th Percentile	90th Percentile
1	31.92140376127892	34.0	31.0	34.0	30.0	34.0
2	32.07867508598319	34.0	31.0	34.0	30.0	34.0
3	32.122059409261134	34.0	31.0	34.0	30.0	34.0
4	35.25186057228363	37.0	37.0	37.0	35.0	37.0
5	35.11736165144375	37.0	37.0	37.0	33.0	37.0
6	35.078047834771624	37.0	37.0	37.0	33.0	37.0
7	35.05033736394873	37.0	37.0	37.0	33.0	37.0
8	35.015807500033866	37.0	37.0	37.0	33.0	37.0
9	36.74256467779992	39.0	39.0	39.0	34.0	39.0
10-11	36.71989773315057	39.0	39.0	39.0	34.0	39.0
12-13	36.67357956229803	39.0	39.0	39.0	34.0	39.0
14-15	38.161273137202706	41.0	40.0	41.0	34.0	41.0
16-17	38.12440907637526	41.0	39.5	41.0	34.0	41.0
18-19	38.110542017882324	41.0	39.5	41.0	34.0	41.0
20-21	38.09483404548362	41.0	40.0	41.0	34.0	41.0
22-23	38.0617229780667	41.0	39.0	41.0	34.0	41.0
24-25	38.0146556647082	41.0	39.0	41.0	34.0	41.0
26-27	37.947063695629154	41.0	39.0	41.0	34.0	41.0
28-29	37.883250490270456	41.0	39.0	41.0	33.0	41.0
30-31	37.822372895929014	41.0	39.0	41.0	33.0	41.0
32-33	37.75968546167904	41.0	39.0	41.0	33.0	41.0
34-35	37.707666187571355	41.0	39.0	41.0	33.0	41.0
36-37	37.65911189126527	41.0	39.0	41.0	33.0	41.0
38-39	37.580071064601825	41.0	39.0	41.0	33.0	41.0
40-41	37.515309380919135	41.0	39.0	41.0	33.0	41.0
42-43	37.432069677039635	41.0	38.5	41.0	32.0	41.0
44-45	37.32862353868383	41.0	38.0	41.0	32.0	41.0
46-47	37.234654849249566	41.0	38.0	41.0	32.0	41.0
48-49	37.129735902284544	40.0	38.0	41.0	31.5	41.0
50-51	37.01823335588669	40.0	38.0	41.0	31.0	41.0
52-53	36.8683939400522	40.0	37.5	41.0	31.0	41.0
54-55	36.70340107438011	40.0	37.0	41.0	31.0	41.0
56-57	36.587475773704455	40.0	37.0	41.0	31.0	41.0
58-59	36.49312636768672	40.0	36.0	41.0	31.0	41.0
60-61	36.282247134145166	40.0	36.0	41.0	31.0	41.0
62-63	36.04244456865137	39.0	35.0	41.0	30.0	41.0
64-65	35.801526812704836	39.0	35.0	41.0	30.0	41.0
66-67	35.49346112788564	38.5	35.0	41.0	30.0	41.0
68-69	35.18111687694518	37.5	35.0	40.5	29.0	41.0
70-71	34.84292126460962	37.0	35.0	39.5	29.0	41.0
72-73	34.48324893790654	36.5	35.0	39.0	29.0	41.0
74-75	34.124760602638894	36.0	35.0	39.0	29.0	41.0
76-77	33.7678109779703	35.5	35.0	38.0	28.5	40.0
78-79	33.479464055574525	35.0	35.0	37.0	28.5	39.0
80-81	33.256198574438294	35.0	35.0	37.0	29.0	39.0
82-83	32.98695202054593	35.0	35.0	36.0	29.0	38.5
84-85	32.74872061566806	35.0	35.0	36.0	29.0	37.0
86-87	32.54009070668121	35.0	34.5	36.0	28.0	37.0
88-89	32.36434038654289	35.0	34.0	35.0	28.0	36.5
90-91	32.21918084027027	35.0	34.0	35.0	27.0	36.0
92-93	32.09978477716671	35.0	34.0	35.0	27.0	36.0
94-95	31.918004885858366	35.0	34.0	35.0	26.0	36.0
96-97	31.88617824595221	35.0	34.0	35.0	27.0	36.0
98-99	31.78811388077594	35.0	34.0	35.0	26.5	36.0
100-101	31.466918216418822	35.0	33.5	35.0	24.5	35.5
>>END_MODULE
>>Per sequence quality scores	pass
#Quality	Count
2	878526.0
3	214180.0
4	114067.0
5	79659.0
6	67425.0
7	64861.0
8	63926.0
9	64944.0
10	67195.0
11	67639.0
12	68236.0
13	66653.0
14	66195.0
15	64680.0
16	64345.0
17	62961.0
18	63052.0
19	62760.0
20	64246.0
21	66418.0
22	72432.0
23	84365.0
24	101639.0
25	123043.0
26	147724.0
27	176922.0
28	211783.0
29	255879.0
30	300868.0
31	369639.0
32	462152.0
33	600451.0
34	839000.0
35	1303240.0
36	2722538.0
37	7294174.0
38	1.4012232E7
39	5992129.0
40	24613.0
>>END_MODULE
>>Per base sequence content	warn
#Base	G	A	T	C
1	29.185920407992217	15.433338675808491	13.698203444573112	41.682537471626176
2	18.950390921467957	21.398147266168202	35.13300200674311	24.518459805620722
3	20.240410843003186	22.900402378762198	26.968630071493955	29.89055670674066
4	22.668016387043274	29.230245533229954	21.95047451960811	26.15126356011866
5	27.390376588791703	31.448213126260278	22.24784914100704	18.913561143940978
6	21.8319323603054	35.98401968410067	23.282309675695398	18.901738279898527
7	18.228441419475253	21.1919881982298	40.724582313744364	19.85498806855059
8	19.21279176171222	24.651129774728705	31.898747797340903	24.237330666218167
9	20.261455006734874	23.052954548515366	33.30301071701359	23.382579727736164
10-11	22.110544398194598	32.96580632548668	24.207701513097835	20.71594776322089
12-13	21.32106668854165	26.98940902682299	29.043595295578772	22.64592898905659
14-15	21.896659696233613	27.76920812802512	28.48823309247826	21.84589908326301
16-17	22.756829459410508	27.61020307618679	27.624150304523837	22.00881715987887
18-19	22.04467500538184	27.469210623438734	27.63425149830513	22.851862872874293
20-21	22.06457935439883	27.620321496438205	27.99809633692613	22.317002812236826
22-23	21.99973414576961	27.715215345266493	27.889066644578946	22.395983864384952
24-25	21.772575906296417	28.10769901391347	27.714686378431125	22.405038701358983
26-27	22.03092431835794	28.01543552050722	27.7277405375203	22.225899623614538
28-29	22.070810759220183	27.789963728582446	27.782487564932808	22.356737947264563
30-31	22.00591844061419	27.865024220820167	27.696961850496553	22.432095488069088
32-33	22.03088347779828	27.9668113264401	27.750857701822024	22.251447493939594
34-35	22.09940519744724	27.821667529964678	27.73983780721032	22.339089465377764
36-37	22.01769501618394	27.851226113792972	27.603170058799954	22.527908811223142
38-39	22.18769076158471	27.80652017334863	27.558325197957835	22.447463867108823
40-41	22.259891955860944	27.66309560851755	27.696986077051072	22.38002635857043
42-43	22.115424660389145	27.866709434919933	27.642111971596478	22.37575393309444
44-45	21.872548403707945	27.876833806385058	27.87796010941947	22.372657680487524
46-47	22.074968997391263	27.805730078368928	27.6074590098885	22.5118419143513
48-49	21.855340362187896	27.576279351291756	28.046872877050692	22.52150740946966
50-51	22.09673941846144	27.76068276815281	27.988794711061725	22.153783102324027
52-53	22.029783486683304	27.928337317782017	27.569735600621435	22.472143594913245
54-55	21.924670917033566	27.85023649157874	27.781016902432338	22.444075688955355
56-57	21.98261523651869	27.773217817912904	27.745136588367092	22.49903035720131
58-59	22.058298798513874	27.842328325385367	27.740724925455147	22.358647950645608
60-61	21.867419165871823	27.58312659940552	27.850904020356953	22.6985502143657
62-63	21.878727258064025	27.88436095760493	27.909844667083856	22.32706711724719
64-65	22.120736090883337	27.702726869151924	27.60908638312457	22.567450656840172
66-67	21.89572942878084	27.819093421802588	27.726950416724506	22.558226732692066
68-69	22.03120925022553	27.95551834781977	27.7056474110399	22.307624990914803
70-71	21.942770175659586	27.831157444517547	27.67903031544184	22.547042064381024
72-73	21.79590753397342	28.010416139766004	27.639236248083016	22.554440078177564
74-75	22.037086590977935	27.94395969467124	27.55929388823011	22.459659826120713
76-77	22.095620905784802	27.82368157736269	27.574021379938497	22.506676136914017
78-79	21.92314391152273	28.007066522556478	27.63530531421992	22.43448425170087
80-81	22.07166311380061	27.924113688222334	27.6882371925409	22.315986005436155
82-83	22.242288718360413	27.836118119153515	27.57354883887082	22.34804432361525
84-85	22.19960276063456	27.92678113730277	27.621845279195195	22.251770822867478
86-87	22.186214842252443	27.908748259568704	27.62703670458791	22.278000193590938
88-89	22.246730054178204	28.12166232708231	27.39367002928675	22.23793758945274
90-91	22.088541482614684	28.0364193633699	27.346555171439647	22.52848398257577
92-93	22.310987587462307	28.074236286621957	27.3109430969306	22.30383302898514
94-95	22.47108913952071	28.17602354205854	26.933830179148	22.419057139272745
96-97	22.19953169895122	28.034143208439072	27.33747919943826	22.428845893171452
98-99	22.277436440362358	28.12932517344248	27.432382185239735	22.160856200955426
100-101	22.202773201813006	28.214030302492958	27.20292953037429	22.380266965319745
>>END_MODULE
>>Per sequence GC content	pass
#GC Content	Count
0	98.0
1	61.0
2	21.5
3	19.0
4	56.0
5	176.0
6	198.5
7	259.0
8	602.5
9	834.5
10	630.5
11	309.0
12	217.5
13	305.0
14	408.0
15	550.5
16	1062.0
17	1550.5
18	2307.5
19	4582.5
20	9303.0
21	16524.0
22	28579.5
23	42918.0
24	66159.5
25	122210.0
26	184866.0
27	232928.5
28	287786.0
29	333295.0
30	381642.5
31	454235.0
32	531981.5
33	616393.0
34	704976.5
35	796932.5
36	938054.0
37	1071480.0
38	1169363.5
39	1301183.0
40	1475738.5
41	1665794.0
42	1793774.5
43	1870615.5
44	1889828.0
45	1835382.0
46	1753451.5
47	1699108.0
48	1637209.5
49	1529190.0
50	1428006.5
51	1296698.0
52	1139074.0
53	1029809.0
54	922845.5
55	792220.0
56	716671.0
57	627395.5
58	520250.0
59	451086.0
60	380783.0
61	313690.5
62	258862.0
63	219062.5
64	180919.5
65	141888.5
66	114868.5
67	92072.5
68	71988.0
69	58451.0
70	48710.0
71	39427.5
72	31147.5
73	24268.5
74	18745.5
75	14048.0
76	10630.5
77	7815.0
78	5518.5
79	4802.0
80	4011.5
81	2631.0
82	1297.5
83	628.5
84	388.5
85	258.5
86	186.0
87	137.0
88	103.5
89	84.0
90	60.0
91	48.0
92	35.5
93	20.0
94	16.0
95	12.5
96	5.5
97	4.5
98	4.0
99	1.5
100	0.5
>>END_MODULE
>>Per base N content	pass
#Base	N-Count
1	0.05919823583058456
2	0.001271816223838159
3	0.002960446168093866
4	0.25279752143324286
5	0.0
6	0.029417429883315405
7	0.030424729707657812
8	0.026943266389042007
9	0.00982985690651384
10-11	0.010588671628299632
12-13	0.005333078115086062
14-15	3.6070418113057033E-4
16-17	0.0
18-19	5.34376564637882E-6
20-21	0.0
22-23	7.10720830968383E-4
24-25	1.2023472704352344E-5
26-27	0.0
28-29	0.0031501498485403145
30-31	5.597594514581814E-4
32-33	0.0012517771026642386
34-35	0.004046566535720361
36-37	0.005839399910080455
38-39	0.007443865545405696
40-41	0.008789158546881564
42-43	0.013232499681845554
44-45	0.009271433396467252
46-47	0.006735816597260502
48-49	0.002586382572847349
50-51	0.005247577864744001
52-53	0.003438713193444771
54-55	0.006449925135179236
56-57	0.008592775159377142
58-59	0.007605514456208656
60-61	0.011470392959952138
62-63	0.01294527227835269
64-65	0.008928096453687412
66-67	0.012091605716343675
68-69	0.00873972871465256
70-71	0.008435134072808968
72-73	0.007358365295063635
74-75	0.010813109785447542
76-77	0.011558565093117387
78-79	0.00955198109290214
80-81	0.006799941785017047
82-83	0.009927380629560254
84-85	0.009380980592218018
86-87	0.006729136890202529
88-89	0.0072140836226114065
90-91	0.006595542749043059
92-93	0.008277492986240791
94-95	0.0072301149195505435
96-97	0.004595638455885786
98-99	0.006285604341553086
100-101	0.10043607532368992
>>END_MODULE
>>Sequence Length Distribution	pass
#Length	Count
101	3.7426791E7
>>END_MODULE
>>Sequence Duplication Levels	fail
#Total Deduplicated Percentage	36.09797041361298
#Duplication Level	Percentage of deduplicated	Percentage of total
1	74.39062685466659	26.85350647249878
2	13.173886230001406	9.511011107257882
3	4.554378001228435	4.932114070222615
4	2.1869944120739553	3.157842383271302
5	1.2631223789097639	2.2798077131328545
6	0.8309482658485442	1.7997327549506257
7	0.5440929484407244	1.3748455808548106
8	0.4166477045705421	1.203210920998975
9	0.3178571393581668	1.0326597851076087
>10	1.9190269879161332	13.241107624008693
>50	0.19902166423689127	5.000207022210013
>100	0.1671045154256721	12.279371583546776
>500	0.02112957763646232	5.279665739124841
>1k	0.01431085412720845	9.680456144963763
>5k	7.190361689617171E-4	1.6858444524178977
>10k+	1.334293904876488E-4	0.6886166454327172
>>END_MODULE
>>Overrepresented sequences	pass
>>END_MODULE
>>Adapter Content	pass
#Position	Illumina Universal Adapter	Illumina Small RNA 3' Adapter	Illumina Small RNA 5' Adapter	Nextera Transposase Sequence	SOLID Small RNA Adapter
1	2.80547696434888E-4	0.0	0.0	5.34376564637882E-6	0.0
2	3.8207924371608563E-4	0.0	0.0	2.404694540870469E-5	0.0
3	5.985017523944279E-4	0.0	0.0	2.67188282318941E-5	2.67188282318941E-6
4	0.002150865672667475	0.0	0.0	4.275012517103056E-5	2.67188282318941E-6
5	0.0027653987220010393	0.0	0.0	4.275012517103056E-5	5.34376564637882E-6
6	0.003954386578320326	0.0	0.0	4.809389081740938E-5	5.34376564637882E-6
7	0.004523497619659671	0.0	0.0	5.34376564637882E-5	5.34376564637882E-6
8	0.005509422381416563	0.0	0.0	5.610953928697761E-5	5.34376564637882E-6
9	0.007235458685196922	0.0	0.0	6.145330493335643E-5	5.34376564637882E-6
10-11	0.00919929256024114	0.0	0.0	6.278924634495114E-5	5.34376564637882E-6
12-13	0.011099001247528809	0.0	0.0	7.214083622611407E-5	5.34376564637882E-6
14-15	0.013535758382277552	0.0	0.0	8.1492426107277E-5	5.34376564637882E-6
16-17	0.015933773216090047	0.0	0.0	8.550025034206112E-5	5.34376564637882E-6
18-19	0.01811002177557782	0.0	0.0	9.084401598843994E-5	8.01564846956823E-6
20-21	0.020044464939566957	0.0	0.0	9.485184022322405E-5	1.068753129275764E-5
22-23	0.02196020492379376	2.67188282318941E-6	0.0	1.0153154728119757E-4	1.2023472704352346E-5
24-25	0.024172523901394592	2.67188282318941E-6	0.0	1.1756284422033403E-4	1.4695355527541754E-5
26-27	0.026562523086737518	2.67188282318941E-6	0.0	1.3893790680584932E-4	1.603129693913646E-5
28-29	0.02898458486595872	4.007824234784115E-6	1.335941411594705E-6	1.536332623333911E-4	1.603129693913646E-5
30-31	0.031852851076652554	6.679707057973525E-6	2.67188282318941E-6	1.643207936261487E-4	1.870317976232587E-5
32-33	0.03482799260027396	8.01564846956823E-6	2.67188282318941E-6	1.7901614915369048E-4	2.0039121173920577E-5
34-35	0.03816116642220275	8.01564846956823E-6	2.67188282318941E-6	1.9638338750442162E-4	2.137506258551528E-5
36-37	0.0415544576076533	8.01564846956823E-6	2.67188282318941E-6	2.137506258551528E-4	2.137506258551528E-5
38-39	0.04531914050552718	8.01564846956823E-6	2.67188282318941E-6	2.44477278321831E-4	2.67188282318941E-5
40-41	0.0492735270838475	9.351589881162934E-6	2.67188282318941E-6	2.6050857526096745E-4	2.67188282318941E-5
42-43	0.0534870862960172	1.068753129275764E-5	2.67188282318941E-6	2.698601651421304E-4	2.67188282318941E-5
44-45	0.05807470910343342	1.2023472704352346E-5	2.67188282318941E-6	2.738679893769145E-4	2.67188282318941E-5
46-47	0.06270908986025545	1.335941411594705E-5	2.67188282318941E-6	2.8321957925807746E-4	2.8054769643488805E-5
48-49	0.06782708140807477	1.335941411594705E-5	2.67188282318941E-6	3.1528217313635037E-4	2.939071105508351E-5
50-51	0.07375064562708569	1.335941411594705E-5	2.67188282318941E-6	3.4066505995664976E-4	2.939071105508351E-5
52-53	0.07998949201923297	1.335941411594705E-5	2.67188282318941E-6	3.540244740725968E-4	3.473447670146233E-5
54-55	0.08677741033154565	1.7367238350731166E-5	2.67188282318941E-6	3.6337606395375977E-4	3.473447670146233E-5
56-57	0.09449247198350508	2.0039121173920577E-5	2.67188282318941E-6	3.753995366581121E-4	3.473447670146233E-5
58-59	0.10364099877010563	2.404694540870469E-5	2.67188282318941E-6	3.981105406552221E-4	3.6070418113057033E-5
60-61	0.11478809390845184	2.404694540870469E-5	5.34376564637882E-6	4.221574860639268E-4	3.8742300936246445E-5
62-63	0.12821564103639022	2.404694540870469E-5	5.34376564637882E-6	4.4486849006103674E-4	4.007824234784115E-5
64-65	0.14439522747221367	2.67188282318941E-5	5.34376564637882E-6	4.595638455885785E-4	4.141418375943586E-5
66-67	0.1626014370294263	2.939071105508351E-5	5.34376564637882E-6	4.662435526465521E-4	4.275012517103056E-5
68-69	0.18533248014771023	2.939071105508351E-5	5.34376564637882E-6	4.769310839393097E-4	4.275012517103056E-5
70-71	0.21518542693120551	2.939071105508351E-5	5.34376564637882E-6	4.916264394668514E-4	4.275012517103056E-5
72-73	0.25597572605142666	2.939071105508351E-5	5.34376564637882E-6	5.049858535827985E-4	4.408606658262526E-5
74-75	0.30863720055507826	2.939071105508351E-5	5.34376564637882E-6	5.290327989915032E-4	4.542200799421997E-5
76-77	0.3698099577919999	3.473447670146233E-5	5.34376564637882E-6	5.464000373422344E-4	4.542200799421997E-5
78-79	0.443602017602845	3.473447670146233E-5	5.34376564637882E-6	5.79798572632102E-4	4.809389081740938E-5
80-81	0.5374946518925441	3.473447670146233E-5	5.34376564637882E-6	6.185408735683484E-4	4.809389081740938E-5
82-83	0.6650743848170151	3.740635952465174E-5	5.34376564637882E-6	6.305643462727007E-4	4.809389081740938E-5
84-85	0.8320510299694142	4.007824234784115E-5	5.34376564637882E-6	6.612909987393789E-4	4.809389081740938E-5
86-87	1.0294564126537058	4.007824234784115E-5	5.34376564637882E-6	6.799941785017048E-4	4.809389081740938E-5
88-89	1.2548764867391382	4.007824234784115E-5	5.34376564637882E-6	6.946895340292466E-4	5.210171505219349E-5
>>END_MODULE
>>Kmer Content	fail
#Sequence	Count	PValue	Obs/Exp Max	Max Obs/Exp Position
CTAGGAT	16240	0.0	16.31355	1
CGGGGTA	3965	0.0	15.743013	1
TATCGCG	2550	0.0	14.805506	22-23
CCCCGAT	7550	0.0	12.937985	1
CGGCGAT	6145	0.0	12.794456	1
ACGGTAC	9100	0.0	12.708421	58-59
TAACGGT	9325	0.0	12.299823	56-57
CTCCGAT	21585	0.0	12.229747	1
GGCCCGG	8375	0.0	11.910866	6
TGGCCCG	7415	0.0	11.787333	5
CCCGGTT	5715	0.0	11.58933	1
CCGGGGG	7885	0.0	11.384862	9
CGGCTAA	10585	0.0	11.215825	18-19
TTTAACG	10615	0.0	11.207626	54-55
CTCGGGT	13110	0.0	11.194579	1
ATCGCGG	3510	0.0	11.162028	22-23
TCCGATC	12775	0.0	10.959718	2
CGATTGG	7570	0.0	10.883016	4
CTAGTGG	11920	0.0	10.857396	82-83
CCCGATT	9785	0.0	10.755842	2
>>END_MODULE
