##FastQC	0.11.5
>>Basic Statistics	pass
#Measure	Value
Filename	SRR3213614_2.fastq
File type	Conventional base calls
Encoding	Sanger / Illumina 1.9
Total Sequences	68288882
Sequences flagged as poor quality	0
Sequence length	101
%GC	47
>>END_MODULE
>>Per base sequence quality	pass
#Base	Mean	Median	Lower Quartile	Upper Quartile	10th Percentile	90th Percentile
1	30.496431673899714	33.0	31.0	34.0	26.0	34.0
2	30.570267719421736	34.0	31.0	34.0	26.0	34.0
3	30.62277773122717	34.0	31.0	34.0	26.0	34.0
4	33.91946019851372	37.0	35.0	37.0	30.0	37.0
5	33.922930778102355	37.0	35.0	37.0	30.0	37.0
6	33.92356974009327	37.0	35.0	37.0	30.0	37.0
7	33.90694851322943	37.0	35.0	37.0	30.0	37.0
8	33.842042061839585	37.0	35.0	37.0	30.0	37.0
9	35.36400566639823	39.0	37.0	39.0	30.0	39.0
10-11	35.356171389656076	39.0	37.0	39.0	30.0	39.0
12-13	35.28337799555717	39.0	36.0	39.0	29.0	39.0
14-15	36.46488828152143	40.0	37.0	41.0	29.0	41.0
16-17	36.392787533115566	40.0	37.0	41.0	28.0	41.0
18-19	36.36830397955556	40.0	37.0	41.0	28.0	41.0
20-21	36.32769485814689	40.0	37.0	41.0	28.0	41.0
22-23	36.25188673465177	40.0	37.0	41.0	27.0	41.0
24-25	36.17641929618939	40.0	37.0	41.0	27.0	41.0
26-27	36.003830198889474	40.0	36.0	41.0	27.0	41.0
28-29	35.8898115142667	40.0	36.0	41.0	27.0	41.0
30-31	35.88113026949247	40.0	36.0	41.0	27.0	41.0
32-33	35.92278915182709	40.0	36.0	41.0	27.0	41.0
34-35	35.84521067426466	40.0	36.0	41.0	26.0	41.0
36-37	35.77904023234704	40.0	36.0	41.0	26.0	41.0
38-39	35.71050048088355	40.0	36.0	41.0	26.0	41.0
40-41	35.57435214710354	40.0	35.5	41.0	25.0	41.0
42-43	35.432285763588865	40.0	35.0	41.0	25.0	41.0
44-45	35.27693374742905	40.0	35.0	41.0	24.0	41.0
46-47	35.171389905021435	40.0	35.0	41.0	24.0	41.0
48-49	35.03486304695983	39.5	35.0	41.0	23.5	41.0
50-51	34.84409272507932	39.0	35.0	41.0	23.0	41.0
52-53	34.63519735174461	39.0	34.5	41.0	22.5	41.0
54-55	34.44732931782366	39.0	34.0	41.0	22.0	41.0
56-57	34.22341475000279	38.5	34.0	41.0	20.5	41.0
58-59	33.97996678287983	38.0	34.0	41.0	20.0	41.0
60-61	33.71540082469062	38.0	33.5	40.0	19.0	41.0
62-63	33.44192004783443	37.0	33.0	40.0	18.0	41.0
64-65	33.1466409788346	37.0	33.0	40.0	16.5	41.0
66-67	32.85677571936234	36.0	33.0	39.5	13.5	41.0
68-69	32.537462064469004	36.0	32.5	39.0	13.0	41.0
70-71	32.167820934599575	35.0	32.0	39.0	8.0	41.0
72-73	31.85124719130707	35.0	32.0	38.5	7.5	40.0
74-75	31.67200072187446	35.0	32.0	37.0	7.0	39.5
76-77	31.349170088917255	35.0	32.0	37.0	4.0	39.0
78-79	31.07442730575088	35.0	32.0	36.5	2.0	39.0
80-81	30.761089696855777	35.0	32.0	36.0	2.0	38.0
82-83	30.50585134780798	35.0	32.0	36.0	2.0	37.0
84-85	30.27306908465715	35.0	31.0	35.0	2.0	37.0
86-87	30.036125734200773	35.0	31.0	35.0	2.0	36.0
88-89	29.80704929390995	35.0	31.0	35.0	2.0	36.0
90-91	29.624655921296238	35.0	31.0	35.0	2.0	36.0
92-93	29.41723065549675	35.0	31.0	35.0	2.0	35.5
94-95	29.278987031886096	35.0	31.0	35.0	2.0	35.0
96-97	29.057813181068042	35.0	31.0	35.0	2.0	35.0
98-99	28.79220046390568	35.0	31.0	35.0	2.0	35.0
100-101	26.78394462512946	33.0	25.5	34.5	2.0	35.0
>>END_MODULE
>>Per sequence quality scores	pass
#Quality	Count
2	2582352.0
3	330495.0
4	212129.0
5	167073.0
6	158502.0
7	163215.0
8	173544.0
9	191961.0
10	212036.0
11	223257.0
12	233971.0
13	240844.0
14	247370.0
15	248783.0
16	252432.0
17	252025.0
18	251119.0
19	253766.0
20	260628.0
21	274872.0
22	299713.0
23	343027.0
24	406147.0
25	486696.0
26	587281.0
27	706398.0
28	845136.0
29	1014840.0
30	1223895.0
31	1492921.0
32	1849896.0
33	2354740.0
34	3126117.0
35	4412357.0
36	7184650.0
37	1.300833E7
38	1.6822654E7
39	5185665.0
40	8045.0
>>END_MODULE
>>Per base sequence content	warn
#Base	G	A	T	C
1	31.310181271767213	13.631668955713957	13.171522314551451	41.88662745796737
2	22.485205479054578	20.567585030622627	32.95043430834976	23.99677518197304
3	25.773270254992863	21.490650573388187	23.589881791641726	29.146197379977224
4	27.26623032657105	27.968116583425957	19.183366572029225	25.582286517973767
5	28.667348376826247	31.1044805157702	20.60371429893288	19.624456808470676
6	22.828231331839202	35.55324604795365	21.992004080862714	19.626518539344428
7	20.018224883457016	20.586018358221967	38.72418489509116	20.671571863229854
8	20.742892718763905	23.644862600097404	30.21347543291984	25.39876924821885
9	21.9611425538718	21.993313394827076	31.47416265872034	24.571381392580786
10-11	23.854178314845004	31.441296185591955	22.797002717008585	21.907522782554455
12-13	22.99599703743061	25.47932415764766	27.566264400209583	23.958414404712148
14-15	23.51409711399584	26.43883708075264	26.908033280245476	23.13903252500604
16-17	23.931088037254934	26.5687188462967	26.241163216880786	23.259029899567576
18-19	23.671029133313795	26.619713842105263	26.12164935023758	23.587607674343364
20-21	23.624912268917903	26.618446243505602	26.31747065870384	23.439170828872662
22-23	23.856424936939614	26.604107527443045	26.324344281259638	23.2151232543577
24-25	23.50714192917378	26.830310197165332	26.22114850537886	23.441399368282028
26-27	23.431079484225645	26.880882560092495	26.281613325300423	23.406424630381434
28-29	23.396410477893497	26.711440243235963	26.17433888227072	23.717810396599827
30-31	23.380879733335092	26.54097173829732	26.28220375186212	23.79594477650547
32-33	23.558075501191166	26.838608629749384	26.400257983585707	23.203057885473743
34-35	23.615694588675964	26.661063823821667	26.307941382642102	23.415300204860262
36-37	23.293313848650392	26.597457601627276	26.25518232824228	23.854046221480043
38-39	23.34297777224787	26.731264280727235	26.234338781706533	23.69141916531836
40-41	23.630433566041713	26.644891374874625	26.322153992964836	23.402521066118826
42-43	23.585745563599602	26.551544707707738	26.432895537703853	23.429814190988807
44-45	23.411467498530055	26.77539243142295	26.299932339738273	23.51320773030872
46-47	23.437045455091646	26.591608733545826	26.261601986315274	23.709743825047262
48-49	23.517615043677413	26.319637130807994	26.30482861946884	23.857919206045754
50-51	23.64386748559785	26.534809420776156	26.43437931250554	23.386943781120454
52-53	23.5171771880457	26.504192847231415	26.38757066458963	23.59105930013325
54-55	23.41405938326639	26.548438231340665	26.424105417741238	23.613396967651703
56-57	23.511897765670682	26.4775305233515	26.360514059357048	23.650057651620774
58-59	23.70290704312655	26.584164570246383	26.257231160651962	23.4556972259751
60-61	23.62423052958301	26.505138878327006	26.469725927588257	23.400904664501727
62-63	23.490012096050446	26.676968850755923	26.433708468500683	23.399310584692945
64-65	23.45132192907107	26.59489107235762	26.266069342785574	23.687717655785736
66-67	23.492702286318607	26.440959990378637	26.382323211635946	23.684014511666813
68-69	23.528309929980793	26.543113585243606	26.417076052618242	23.511500432157362
70-71	23.50638164327766	26.586606428195374	26.456465547459246	23.45054638106772
72-73	23.450398409805846	26.56856301883323	26.404124398489625	23.576914172871298
74-75	23.565241348989723	26.558934583890526	26.507851032259243	23.367973034860505
76-77	23.900736006451993	26.326227368529594	26.48668521346435	23.28635141155406
78-79	23.826866125894117	26.503275958279676	26.358724810272037	23.31113310555417
80-81	23.682206348626178	26.81157982352027	26.24341993862102	23.262793889232526
82-83	23.924109155464304	26.748381402603055	26.006132012479455	23.32137742945319
84-85	23.963962769260277	26.8402256340086	25.97408026725223	23.221731329478885
86-87	24.11428615056132	26.850370817203185	26.13790260741225	22.897440424823245
88-89	24.213975674420606	26.85319050366796	25.999658600133213	22.93317522177822
90-91	24.338217291011457	26.880976418473384	25.718014955150952	23.062791335364206
92-93	24.608013929943098	27.055031350365038	25.58239723798325	22.75455748170861
94-95	25.043421076147443	27.034080313773245	25.448997342764308	22.473501267315
96-97	25.08503619868619	26.905421684005905	25.46691242445172	22.542629692856185
98-99	25.25305160459007	27.142153472179537	25.283104343839035	22.32169057939136
100-101	26.023681153504114	26.900095818319702	24.743852054726464	22.33237097344972
>>END_MODULE
>>Per sequence GC content	pass
#GC Content	Count
0	23127.0
1	13727.0
2	3396.5
3	2182.5
4	1721.5
5	1447.5
6	1271.0
7	1206.5
8	1149.0
9	1089.5
10	1133.0
11	1195.0
12	1235.0
13	1249.0
14	1328.5
15	1497.0
16	1890.0
17	2580.5
18	3711.0
19	6056.5
20	9236.5
21	15336.5
22	24231.0
23	39872.0
24	63794.5
25	96852.5
26	146435.5
27	212864.0
28	309881.0
29	424024.5
30	527338.0
31	628393.0
32	745719.5
33	874338.5
34	1009230.5
35	1166043.0
36	1311805.5
37	1450249.0
38	1619703.5
39	1818015.0
40	2019082.0
41	2215112.5
42	2432423.5
43	2641086.0
44	2839144.5
45	2987959.0
46	3013243.0
47	3001218.0
48	2995808.5
49	2929209.0
50	2838397.5
51	2723790.5
52	2557404.0
53	2435269.5
54	2296567.5
55	2098789.5
56	1927662.5
57	1725653.5
58	1522988.5
59	1376519.5
60	1219381.0
61	1055631.5
62	898356.5
63	740084.5
64	606112.0
65	503663.5
66	408654.5
67	318539.0
68	253817.5
69	207639.0
70	171049.0
71	141713.0
72	115887.5
73	97049.0
74	85129.5
75	71465.5
76	57719.0
77	46798.5
78	39047.0
79	33081.5
80	25603.5
81	17567.0
82	11438.5
83	7897.5
84	5779.0
85	4308.5
86	3004.5
87	2101.5
88	1556.0
89	1229.5
90	1052.0
91	832.0
92	613.5
93	506.5
94	443.5
95	378.5
96	336.0
97	319.0
98	324.0
99	359.0
100	641.0
>>END_MODULE
>>Per base N content	pass
#Base	N-Count
1	0.06491979177518238
2	0.07411601788999855
3	0.0783743977533561
4	0.06682054042120648
5	0.07566531840424624
6	0.059406449207939874
7	0.06081809920390848
8	0.07098812951718847
9	0.07331940212463868
10-11	0.08164140101166102
12-13	0.08133608044718026
14-15	0.07844322301249565
16-17	0.08497576516188976
18-19	0.07825798055970516
20-21	0.08337447961148346
22-23	0.08123284255847094
24-25	0.07096543182534457
26-27	0.07141645692779097
28-29	0.06761935273738996
30-31	0.07824406907115569
32-33	0.08293297289593934
34-35	0.08848146027635949
36-37	0.07870314819328862
38-39	0.055361866958079646
40-41	0.06771966189166781
42-43	0.07305435165859064
44-45	0.0658730948326259
46-47	0.06963066110820207
48-49	0.0649373641817712
50-51	0.07086072956941951
52-53	0.0778311175163184
54-55	0.08184201932021672
56-57	0.08038497394056034
58-59	0.07778865086706208
60-61	0.06867662586715068
62-63	0.07030793094547952
64-65	0.06287407077480049
66-67	0.059688339896968874
68-69	0.06113879562415445
70-71	0.061045808305955275
72-73	0.06794297789206741
74-75	0.07707257529856763
76-77	0.07790872897875235
78-79	0.07533290704627439
80-81	0.08068077611813881
82-83	0.07720070742994445
84-85	0.06551139613033935
86-87	0.07164416602983777
88-89	0.06354694751043076
90-91	0.0628176926369947
92-93	0.06183803096966795
94-95	0.07889058719690271
96-97	0.07343581931828962
98-99	0.07883786997713624
100-101	0.0775741210699569
>>END_MODULE
>>Sequence Length Distribution	pass
#Length	Count
101	6.8288882E7
>>END_MODULE
>>Sequence Duplication Levels	fail
#Total Deduplicated Percentage	35.836881960169556
#Duplication Level	Percentage of deduplicated	Percentage of total
1	60.86780897162134	21.81312485290144
2	20.135505594628412	14.431874744060643
3	8.011191584235934	8.612883814937009
4	3.7165560151414194	5.327591168519248
5	1.9059856944039506	3.41522921740631
6	1.1756267301380363	2.5278477814306157
7	0.7399504007782316	1.8562260618348752
8	0.5149759912029195	1.4764107047248274
9	0.40753889585038494	1.3144430974291272
>10	2.149275727603704	14.275587171988372
>50	0.20499126482365096	5.1136034710665035
>100	0.15109007324537063	10.483298255167991
>500	0.01228763476599813	3.001794457532288
>1k	0.006594954342785819	4.512488453994553
>5k	5.095280056489097E-4	1.288328100258836
>10k+	1.1093921203307826E-4	0.5492686467472467
>>END_MODULE
>>Overrepresented sequences	pass
>>END_MODULE
>>Adapter Content	warn
#Position	Illumina Universal Adapter	Illumina Small RNA 3' Adapter	Illumina Small RNA 5' Adapter	Nextera Transposase Sequence	SOLID Small RNA Adapter
1	2.4894242667496006E-4	0.0	0.0	0.0	0.0
2	3.2362515467744806E-4	1.1714937725880473E-5	0.0	5.857468862940236E-6	0.0
3	7.629353193979658E-4	1.1714937725880473E-5	0.0	5.857468862940236E-6	7.321836078675296E-6
4	0.0022141232301914095	1.3179304941615533E-5	0.0	1.1714937725880473E-5	1.1714937725880473E-5
5	0.0027588678344448517	1.3179304941615533E-5	0.0	1.1714937725880473E-5	1.1714937725880473E-5
6	0.003804426026479684	1.3179304941615533E-5	0.0	1.757240658882071E-5	1.3179304941615533E-5
7	0.004293524676535193	1.757240658882071E-5	0.0	1.757240658882071E-5	2.0501141020290828E-5
8	0.005221933491311221	1.903677380455577E-5	0.0	2.3429875451760946E-5	2.4894242667496008E-5
9	0.0061547354077344536	2.6358609883231066E-5	0.0	2.3429875451760946E-5	2.6358609883231066E-5
10-11	0.008714449300839339	2.7822977098966125E-5	7.321836078675295E-7	2.3429875451760946E-5	2.7822977098966125E-5
12-13	0.011962415785339698	2.7822977098966125E-5	1.464367215735059E-6	3.0751711530436246E-5	3.734136400124401E-5
14-15	0.01593890495966825	3.514481317764142E-5	1.464367215735059E-6	3.2216078746171304E-5	4.027009843271413E-5
16-17	0.020436708862798487	3.660918039337648E-5	1.464367215735059E-6	3.368044596190636E-5	4.759193451138943E-5
18-19	0.025659374537717574	3.807354760911154E-5	1.464367215735059E-6	3.514481317764142E-5	5.344940337432966E-5
20-21	0.03040612086752277	4.1002282040581656E-5	1.464367215735059E-6	3.514481317764142E-5	6.0771239453004955E-5
22-23	0.03601684385461165	4.46632000799193E-5	1.464367215735059E-6	4.46632000799193E-5	7.321836078675296E-5
24-25	0.042279210252702634	4.685975090352189E-5	1.0250570510145414E-5	5.564595419793225E-5	7.395054439462048E-5
26-27	0.048934759248218475	4.685975090352189E-5	1.830459019668824E-5	5.564595419793225E-5	8.712984933623602E-5
28-29	0.05593077362139272	5.1252852550727074E-5	2.0501141020290828E-5	6.223560666874001E-5	9.371950180704378E-5
30-31	0.06290262593550733	5.344940337432966E-5	2.0501141020290828E-5	6.736089192381273E-5	9.591605263064638E-5
32-33	0.07051733545732965	5.711032141366731E-5	2.0501141020290828E-5	8.346893129689837E-5	1.0177352149358661E-4
34-35	0.07834437822543354	6.0039055845137426E-5	2.0501141020290828E-5	9.079076737557366E-5	1.061666231407918E-4
36-37	0.08691751608995443	6.516434110021013E-5	2.1965508236025887E-5	9.298731819917626E-5	1.0763099035652685E-4
38-39	0.09580402853864264	6.955744274741532E-5	2.1965508236025887E-5	9.518386902277884E-5	1.1422064282733462E-4
40-41	0.10490946388608324	7.90758296496932E-5	2.1965508236025887E-5	9.518386902277884E-5	1.1568501004306968E-4
42-43	0.11440515309651723	8.859421655197107E-5	2.1965508236025887E-5	9.88447870621165E-5	1.2007811169027485E-4
44-45	0.12449683976375539	9.811260345424897E-5	2.1965508236025887E-5	9.957697066998403E-5	1.2007811169027485E-4
46-47	0.13516036182873808	1.0982754118012944E-4	2.1965508236025887E-5	1.0030915427785157E-4	1.2154247890600991E-4
48-49	0.146773526033125	1.1568501004306968E-4	2.1965508236025887E-5	1.0543443953292426E-4	1.2520339694534758E-4
50-51	0.16023911476541672	1.2300684612174498E-4	2.1965508236025887E-5	1.1348845921946708E-4	1.3325741663189038E-4
52-53	0.17610187262986676	1.259355805532151E-4	2.1965508236025887E-5	1.1714937725880473E-4	1.3545396745549297E-4
54-55	0.19414287672772268	1.2813213137681767E-4	2.1965508236025887E-5	1.3252523302402286E-4	1.4497235435777085E-4
56-57	0.21543038294286324	1.310608658082878E-4	2.1965508236025887E-5	1.3325741663189038E-4	1.4643672157350592E-4
58-59	0.24225905470234527	1.339896002397579E-4	2.3429875451760946E-5	1.3472178384762545E-4	1.5082982322071108E-4
60-61	0.2786610271346952	1.3545396745549297E-4	2.4894242667496008E-5	1.4204361992630073E-4	1.6181257733872403E-4
62-63	0.3283213803383104	1.405792527105657E-4	2.4894242667496008E-5	1.435079871420358E-4	1.7645624949607464E-4
64-65	0.3934044490580473	1.4643672157350592E-4	2.4894242667496008E-5	1.4790108878924097E-4	1.9988612494783558E-4
66-67	0.4754873567852524	1.49365456004976E-4	2.4894242667496008E-5	1.4790108878924097E-4	2.2111944957599393E-4
68-69	0.5812564042269721	1.5229419043644616E-4	2.6358609883231066E-5	1.4790108878924097E-4	2.4162059059628478E-4
70-71	0.7214380812384658	1.5522292486791627E-4	2.6358609883231066E-5	1.4790108878924097E-4	2.5772862996937043E-4
72-73	0.9132387026046203	1.5961602651512146E-4	2.6358609883231066E-5	1.5302637404431368E-4	2.613895480087081E-4
74-75	1.165758578387621	1.6474131177019418E-4	2.6358609883231066E-5	1.559551084757838E-4	2.811585054211314E-4
76-77	1.4706229924806795	1.713309642410019E-4	2.6358609883231066E-5	1.581516592993864E-4	3.023918300492897E-4
78-79	1.834896052332501	1.7279533145673698E-4	2.6358609883231066E-5	1.581516592993864E-4	3.119102169515676E-4
80-81	2.281207356711448	1.757240658882071E-4	2.6358609883231066E-5	1.581516592993864E-4	3.1410676777517024E-4
82-83	2.8366081611937943	1.7938498392754473E-4	2.6358609883231066E-5	1.6181257733872403E-4	3.228929710695805E-4
84-85	3.5124304714785053	1.9109992165342523E-4	2.6358609883231066E-5	1.6620567898592922E-4	3.258217055010507E-4
86-87	4.279567060418415	1.9842175773210054E-4	2.6358609883231066E-5	1.6986659702526686E-4	3.272860727167857E-4
88-89	5.109185269719308	2.0354704298717322E-4	2.7090793491098596E-5	1.7133096424100193E-4	3.375366432269312E-4
>>END_MODULE
>>Kmer Content	fail
#Sequence	Count	PValue	Obs/Exp Max	Max Obs/Exp Position
CGAGCTA	12205	0.0	18.99524	1
TAACGAG	20735	0.0	12.028046	9
TGCGGTG	27350	0.0	10.78634	9
GTAACGA	25215	0.0	9.872057	8
AGTAACG	27435	0.0	9.852053	7
TATCGCG	4860	0.0	9.187226	22-23
CGTCGTG	214905	0.0	8.92668	94-95
TCGTGTA	170660	0.0	8.882014	94-95
CGTGTAG	155805	0.0	8.791339	94-95
GGAGCTA	36725	0.0	8.744428	2
GTCGTGT	194480	0.0	8.652694	94-95
GCGTCGT	231100	0.0	8.599164	94-95
GAGTAAC	33065	0.0	8.590731	6
AGCGTCG	265350	0.0	8.543646	94-95
ATATAGC	29790	0.0	8.450897	6
GATATAG	31770	0.0	8.419137	5
CCGGGAT	23625	0.0	8.325134	1
GTAGGGA	126095	0.0	8.310441	94-95
GAGCGTC	295380	0.0	8.302241	94-95
TGTAGGG	138585	0.0	8.183584	94-95
>>END_MODULE
